-0.000332882541154906
-0.000340895797836114
-0.000351066436005467
-0.000363431334232473
-0.000377949604158723
-0.000394498751771664
-0.000412871633990140
-0.000432774259111680
-0.000453824472230744
-0.000475551558806685
-0.000497396791210024
-0.000518714934380554
-0.000538776717769488
-0.000556772271592121
-0.000571815516171670
-0.000582949483895028
-0.000589152544114042
-0.000589345492298407
-0.000582399455964657
-0.000567144561454469
-0.000542379297596862
-0.000506880504741818
-0.000459413910672513
-0.000398745128559998
-0.000323651026483016
-0.000232931373155512
-0.000125420660437853
0.000000000000000000
0.000144391010806394
0.000308742560195164
0.000493963137077950
0.000700868396325029
0.000930170478911259
0.001182467889257775
0.001458236028688313
0.001757818479604313
0.002081419129776099
0.002429095220088173
0.002800751392212336
0.003196134805068472
0.003614831380631536
0.004056263230723900
0.004519687306969837
0.005004195306164022
0.005508714853003964
0.006032011971546113
0.006572694845959745
0.007129218860265736
0.007699892895855336
0.008282886854783683
0.008876240366219893
0.009477872623105777
0.010085593286121221
0.010697114382565919
0.011310063118831372
0.011921995516834760
0.012530410777194669
0.013132766265117396
0.013726493008995705
0.014309011596655622
0.014877748350069737
0.015430151656227591
0.015963708329746550
0.016475959881742955
0.016964518569475773
0.017427083102328298
0.017861453881801194
0.018265547656338237
0.018637411475969319
0.018975235836901326
0.019277366912273376
0.019542317772268551
0.019768778504581048
0.019955625154809399
0.020101927415610510
0.020206955003326144
0.020270182671199059
0.020291293819140282
0.020270182671199059
0.020206955003326144
0.020101927415610510
0.019955625154809403
0.019768778504581048
0.019542317772268551
0.019277366912273376
0.018975235836901326
0.018637411475969319
0.018265547656338237
0.017861453881801197
0.017427083102328298
0.016964518569475777
0.016475959881742955
0.015963708329746550
0.015430151656227593
0.014877748350069737
0.014309011596655619
0.013726493008995705
0.013132766265117399
0.012530410777194672
0.011921995516834762
0.011310063118831372
0.010697114382565921
0.010085593286121223
0.009477872623105779
0.008876240366219892
0.008282886854783683
0.007699892895855338
0.007129218860265734
0.006572694845959747
0.006032011971546116
0.005508714853003966
0.005004195306164022
0.004519687306969837
0.004056263230723903
0.003614831380631536
0.003196134805068471
0.002800751392212336
0.002429095220088174
0.002081419129776099
0.001757818479604313
0.001458236028688314
0.001182467889257775
0.000930170478911259
0.000700868396325029
0.000493963137077951
0.000308742560195164
0.000144391010806394
0.000000000000000000
-0.000125420660437853
-0.000232931373155512
-0.000323651026483016
-0.000398745128559998
-0.000459413910672513
-0.000506880504741818
-0.000542379297596862
-0.000567144561454470
-0.000582399455964657
-0.000589345492298406
-0.000589152544114042
-0.000582949483895028
-0.000571815516171671
-0.000556772271592121
-0.000538776717769488
-0.000518714934380554
-0.000497396791210024
-0.000475551558806685
-0.000453824472230744
-0.000432774259111680
-0.000412871633990140
-0.000394498751771664
-0.000377949604158723
-0.000363431334232473
-0.000351066436005467
-0.000340895797836114
-0.000332882541154906