0.002818592054366249
0.009031280354472482
0.015862290899262995
0.023103874815533786
0.030522690608008492
0.037869336163470380
0.044888815628454863
0.051331451628891314
0.056963725767400129
0.061578528814388821
0.065004326755273401
0.067112798739478188
0.067824575541997806
0.067112798739478188
0.065004326755273401
0.061578528814388821
0.056963725767400129
0.051331451628891314
0.044888815628454863
0.037869336163470380
0.030522690608008492
0.023103874815533786
0.015862290899262995
0.009031280354472482
0.002818592054366249